0 1.0 1.0 1.0 
1 1.0 1.0 1.0 
2 1.0 1.0 1.0 
3 1.0 1.0 1.0 
4 1.0 1.0 1.0 
5 1.0 1.0 1.0 
6 1.0 1.0 1.0 
7 1.0 1.0 1.0 
8 1.0 1.0 1.0 
9 1.0 1.0 1.0 
10 1.0 1.0 1.0 
11 1.0 1.0 1.0 
12 1.0 1.0 1.0 
13 1.0 1.0 1.0 
14 1.0 1.0 1.0 
15 1.0 1.0 1.0 
16 1.0 1.0 1.0 
17 1.0 1.0 1.0 
18 1.0 1.0 1.0 
19 1.0 1.0 1.0 
20 1.0 1.0 1.0 
21 1.0 1.0 1.0 
22 1.0 1.0 1.0 
23 1.0 1.0 1.0 

0 2.622 2.38930193565
1 2.622 2.38930193565
2 2.622 2.38930193565
3 2.622 2.38930193565
4 2.622 2.38930193565
5 2.622 2.38930193565
6 2.622 2.38930193565
7 2.622 2.38930193565
8 2.622 2.38930193565
9 2.622 2.38930193565
10 2.622 2.38930193565
11 2.622 2.38930193565
12 2.622 2.38930193565
13 2.622 2.38930193565
14 2.622 2.38930193565
15 2.622 2.38930193565
16 2.622 2.38930193565
17 2.622 2.38930193565
18 2.622 2.38930193565
19 2.622 2.38930193565
20 2.622 2.38930193565
21 2.622 2.38930193565
22 2.622 2.38930193565
23 2.622 2.38930193565

