0 0.907401550005 1.73560221039 -11.1931169966 
1 0.898229492968 0.888845561863 -10.1658915467 
2 1.01448108337 0.993971778094 -15.8293730476 
3 1.04086888082 1.01400498694 -9.44981216262 
4 0.873636752142 0.925555582804 -11.3577106234 
5 0.94449180939 0.883459124361 -26.7067953499 
6 0.964798677721 0.917723668969 -8.61682006434 
7 0.946665392702 0.956870798878 -19.2935515343 
8 0.93136351454 1.16496225633 -19.0301017466 
9 0.942015865588 1.11067079985 -12.1757974388 
10 0.897950167342 1.08411951536 -11.445957335 
11 0.941555873164 1.09496616523 -14.2381157546 
12 0.868882164579 0.746076308026 -10.2989724672 
13 0.902260538387 0.774107168387 -8.33611522321 
14 0.829673503581 0.687491896916 -7.16418711111 
15 0.900810603383 0.772648602815 -10.7744843768 
16 1.0048122417 0.816803677956 -23.3536177431 
17 0.921476007043 0.799120005795 -0.0720189394175 
18 0.877954757383 0.855623563516 -3.9715776108 
19 0.932747309286 0.982244570949 -21.6062937225 
20 1.01350781951 0.968023264307 -19.9034852053 
21 0.896036023379 0.891376442934 -8.50717923304 
22 1.11647420831 1.11545376954 -25.815302002 
23 0.882271544698 0.998372364324 -19.4431585044 

0 0.00278417809194 -0.135027150725
1 0.0028570952805 0.0679760207634
2 0.00260963750841 0.107694024276
3 0.00260434481859 0.164546867511
4 0.00295861191806 -0.0554800184007
5 0.00297600175433 -0.0908512207373
6 0.00278645676689 -0.147931506644
7 0.00284022982178 -0.160144051757
8 0.0026921864011 0.0750803856002
9 0.00286038504059 -0.160530354578
10 0.00295177722342 -0.0422445198907
11 0.00271862842638 0.203864594635
12 0.00352592400827 -0.148243206134
13 0.00335214377541 0.0356548301577
14 0.00375323972105 0.0810998673029
15 0.00341801747153 0.131511272532
16 0.00320646016017 0.177160266922
17 0.00339908779001 -0.0582997207279
18 0.00287108369029 -0.133529022744
19 0.00274199131318 -0.0405330689124
20 0.00265624930136 -0.0353536634349
21 0.00283006196034 -0.0534651942721
22 0.00244831242601 -0.0621109474716
23 0.00287842622342 -0.0490292182994

