0 0.907401550005 1.73560221039 -11.1931169966 
1 0.898229492968 0.888845561863 -10.1658915467 
2 1.01448108337 0.993971778094 -15.8293730476 
3 1.04086888082 1.01400498694 -9.44981216262 
4 0.873636752142 0.925555582804 -11.3577106234 
5 0.94449180939 0.883459124361 -26.7067953499 
6 0.964798677721 0.917723668969 -8.61682006434 
7 0.946665392702 0.956870798878 -19.2935515343 
8 0.93136351454 1.16496225633 -19.0301017466 
9 0.942015865588 1.11067079985 -12.1757974388 
10 0.897950167342 1.08411951536 -11.445957335 
11 0.941555873164 1.09496616523 -14.2381157546 
12 0.868882164579 0.746076308026 -10.2989724672 
13 0.902260538387 0.774107168387 -8.33611522321 
14 0.829673503581 0.687491896916 -7.16418711111 
15 0.900810603383 0.772648602815 -10.7744843768 
16 1.0048122417 0.816803677956 -23.3536177431 
17 0.921476007043 0.799120005795 -0.0720189394175 
18 0.877954757383 0.855623563516 -3.9715776108 
19 0.932747309286 0.982244570949 -21.6062937225 
20 1.01350781951 0.968023264307 -19.9034852053 
21 0.896036023379 0.891376442934 -8.50717923304 
22 1.11647420831 1.11545376954 -25.815302002 
23 0.882271544698 0.998372364324 -19.4431585044 

0 2.622 2.38930193565
1 2.622 2.38930193565
2 2.622 2.38930193565
3 2.622 2.38930193565
4 2.622 2.38930193565
5 2.622 2.38930193565
6 2.622 2.38930193565
7 2.622 2.38930193565
8 2.622 2.38930193565
9 2.622 2.38930193565
10 2.622 2.38930193565
11 2.622 2.38930193565
12 2.622 2.38930193565
13 2.622 2.38930193565
14 2.622 2.38930193565
15 2.622 2.38930193565
16 2.622 2.38930193565
17 2.622 2.38930193565
18 2.622 2.38930193565
19 2.622 2.38930193565
20 2.622 2.38930193565
21 2.622 2.38930193565
22 2.622 2.38930193565
23 2.622 2.38930193565

